bTagSF_eigenvars_B_0   -0.115299 +0.946358 -0.946358  -0.000309656   0.000627632  -0.000316929   0.000674733 
bTagSF_eigenvars_B_1   -0.011425 +0.993203 -0.993203  -0.00101361   0.00101704  -0.00102058   0.00102398 
bTagSF_eigenvars_C_1   -0.0324139 +0.992458 -0.992458  -0.000498822   0.000527496  -0.000502539   0.000531569 
bTagSF_eigenvars_C_3   -0.000272041 +0.993348 -0.993348  -3.99661e-06   4.01463e-06  -4.0233e-06   4.04149e-06 
bTagSF_eigenvars_Light_1   -0.0559734 +0.992601 -0.992601  -0.00114347   0.0011472  -0.00115197   0.00115573 
bTagSF_eigenvars_Light_3   -0.000267236 +0.993322 -0.993322  7.10217e-05   -7.08927e-05  7.14978e-05   -7.13707e-05 
EG_RESOLUTION_ALL   0.102794 +0.990776 -0.990776  0.000449077   -0.000420812  0.000453311   -0.000424922 
EG_SCALE_ALL   -0.0745795 +0.993725 -0.993725  -0.00149822   0.00166112  -0.00232115   0.00167143 
EL_SF_ID   0.0657156 +0.984201 -0.984201  -0.00537037   0.0056879  -0.00545422   0.00578168 
EL_SF_Isol   0.0858064 +0.980418 -0.980418  -0.00748968   0.00692661  -0.00763384   0.00708473 
EL_SF_Reco   -0.000790263 +0.993353 -0.993353  0.000121959   -0.000123676  0.000122775   -0.000124496 
EL_SF_Trigger   -1.3484e-06 +0.993348 -0.993348  -2.32576e-08   4.10107e-08  -2.34571e-08   4.12926e-08 
GlobalReduction_JET_BJES_Response   -0.0449137 +0.991251 -0.991251  0.00157369   -0.00160778  0.00158761   -0.0016219 
GlobalReduction_JET_EtaIntercalibration_Modelling   -0.142507 +0.985935 -0.985935  0.0103879   -0.0101132  0.0105382   -0.0102557 
GlobalReduction_JET_EtaIntercalibration_NonClosure_2018data   0.0806208 +0.986648 -0.986648  -0.00103938   0.00030879  -0.0010492   0.000313829 
GlobalReduction_JET_EtaIntercalibration_NonClosure_negEta   -0.0034256 +0.993252 -0.993252  -0.000235028   0.000231104  -0.000236616   0.000232681 
GlobalReduction_JET_EtaIntercalibration_NonClosure_posEta   0.0164655 +0.993131 -0.993131  4.87037e-05   -4.61582e-05  4.90509e-05   -4.6467e-05 
GlobalReduction_JET_EtaIntercalibration_TotalStat   0.00902845 +0.991572 -0.991572  0.00138849   -0.00143058  0.00140056   -0.00144232 
GlobalReduction_JET_Flavor_Composition   -0.828585 +0.94157 -0.94157  0.0106595   -0.0101996  0.0115855   -0.010795 
GlobalReduction_JET_JER_DataVsMC_AFII   -0.00719339 +0.993014 -0.993014  9.63652e-05   -0.000278572  9.66435e-05   -0.000280838 
GlobalReduction_JET_Pileup_OffsetMu   0.138094 +0.968517 -0.968517  0.00527663   -0.00510079  0.00545638   -0.00525552 
GlobalReduction_JET_Pileup_OffsetNPV   -0.366098 +0.987193 -0.987193  0.00580718   -0.00536542  0.00588517   -0.00543177 
GlobalReduction_JET_Pileup_PtTerm   -0.0158845 +0.986043 -0.986043  -0.0020264   0.00184624  -0.00205489   0.00187247 
GlobalReduction_JET_RelativeNonClosure_AFII   5.08403e-06 +0.993348 -0.993348  1.07829e-05   -1.06316e-05  1.08568e-05   -1.0701e-05 
jvt   -0.0118318 +0.993203 -0.993203  0.000595701   -0.000597262  0.000599785   -0.000601342 
lumi   0.0678676 +0.98308 -0.98308  -0.00615284   0.00544154  -0.00625611   0.00554836 
MET_SoftTrk_Scale   0.186048 +0.978108 -0.978108  -0.00110536   0.000389914  -0.00109834   0.000401373 
MUON_ID   -0.13372 +0.986549 -0.986549  0.000641713   -0.000575254  0.000651112   -0.000582459 
MUON_MS   0.0600113 +0.990932 -0.990932  0.000299492   -0.000301687  0.000302346   -0.000304221 
MUON_SCALE   0.0194876 +0.989976 -0.989976  -4.94561e-05   6.26753e-05  -4.99734e-05   6.33424e-05 
MU_SF_ID_STAT   -5.68566e-05 +0.993348 -0.993348  -1.15047e-06   1.16933e-06  -1.15821e-06   1.17712e-06 
MU_SF_ID_SYST   -0.000665628 +0.99335 -0.99335  -1.90499e-06   1.92761e-06  -1.91783e-06   1.94045e-06 
MU_SF_Isol_STAT   -0.00499674 +0.993398 -0.993398  3.17278e-05   -3.26874e-05  3.19371e-05   -3.29063e-05 
MU_SF_Isol_SYST   0.0512587 +0.979102 -0.979102  -0.00736777   0.0067867  -0.00751984   0.00695315 
MU_SF_Trigger_STAT   -0.000920168 +0.993349 -0.993349  -2.34111e-05   2.34666e-05  -2.35678e-05   2.36238e-05 
MU_SF_Trigger_SYST   0.000304848 +0.993348 -0.993348  4.22753e-05   -4.20731e-05  4.25584e-05   -4.23547e-05 
MU_SF_TTVA_STAT   -2.8586e-06 +0.993348 -0.993348  -2.68916e-07   2.86682e-07  -2.70613e-07   2.88598e-07 
MU_SF_TTVA_SYST   2.21665e-05 +0.993348 -0.993348  1.49585e-07   -1.32458e-07  1.50625e-07   -1.33285e-07 
OtherFakesNorm   0.419728 +0.746473 -0.746473  -0.0132209   0.016646  -0.0205158   0.0243037 
OtherNorm   -0.129878 +1.00429 -1.00429  0.000762928   -0.000828699  0.000759455   -0.000826292 
pileup   -0.0447051 +0.972384 -0.972384  0.0100031   -0.0092787  0.0102953   -0.00953352 
signalMuRMuF   -0.00689306 +0.993572 -0.993572  -0.00582554   0.00627965  -0.00586209   0.00632151 
ttbarA14   -0.126141 +0.986404 -0.986404  0.000220452   -0.000226015  0.00022357   -0.000228984 
ttbarhdamp   -0.0247355 +0.924343 -0.924343  -0.000403947   0.000315927  -0.000422448   0.000358808 
ttbarMuRMuF   0 +1 -1  6.66801e-09   6.66801e-09  6.66801e-09   6.66801e-09 
ttbarPDF   -0.00169489 +0.993069 -0.993069  -5.49507e-05   5.68495e-05  -5.53337e-05   5.72469e-05 
ttbarPhotConv   -0.361268 +1.02138 -1.02138  -0.00415392   0.00464718  -0.00407688   0.00455884 
ttbarXsec   -0.0012716 +0.99346 -0.99346  -0.00526224   0.00591592  -0.00529619   0.00595588 
ttHnorm   0.00807625 +0.990615 -0.990615  -0.000554436   0.000559975  -0.000560089   0.000564577 
ttWnorm   -0.0432845 +0.980849 -0.980849  0.000189853   -0.000227372  0.000193369   -0.000232341 
ttZgen   -0.0524626 +0.958984 -0.958984  -0.0246221   0.0257264  -0.025676   0.0268219 
ttZmuRmuF   0.165032 +0.984501 -0.984501  0.00441027   -0.00436694  0.00448031   -0.00443527 
ttZnorm   -0.242241 +0.726873 -0.726873  -0.0157068   0.0168798  -0.0214143   0.023177 
tWZnorm   0.277057 +0.96198 -0.96198  -0.0104952   0.0111473  -0.0109109   0.0116 
tZnorm   0.180009 +0.90892 -0.90892  -0.025246   0.0268574  -0.0278766   0.0295248 
tZrad   -0.194192 +0.965996 -0.965996  0.0132779   -0.0126913  0.0137426   -0.0131445 
VVHF_1_Jet   0.109013 +0.748689 -0.748689  0.00636451   -0.00383483  0.00902694   -0.00479453 
VVHF_2_Jet   0.375141 +0.791051 -0.791051  -0.00272798   0.00622365  -0.00336047   0.00873468 
VVHF_3_Jet   0.168227 +0.918081 -0.918081  -0.00377153   0.0108581  -0.00338416   0.0121521 
VVHF_4_Jet   -0.111138 +0.969107 -0.969107  0.00987787   -0.0101267  0.0102095   -0.0104084 
VVHF_5_Jet   0.164539 +0.896132 -0.896132  0.0113706   -0.011509  0.0128307   -0.0127245 
VVHFgen   -0.032105 +0.532855 -0.532855  -0.0155199   0.0355216  -0.0250666   0.0716697 
VVHFnorm   0.556561 +0.802981 -0.802981  0.0114412   -0.00571754  0.0146708   -0.00562974 
VVLF_1_Jet   0.109822 +0.964349 -0.964349  0.00244866   -0.00252597  0.00254772   -0.00261118 
VVLF_2_Jet   0.09375 +0.972985 -0.972985  0.000810996   -0.00163893  0.000936694   -0.00168045 
VVLF_3_Jet   0.0794635 +0.984085 -0.984085  0.000241497   -0.000902657  0.000249861   -0.000918162 
VVLF_4_Jet   0.0186706 +0.992236 -0.992236  0.00162553   -0.00167047  0.00163904   -0.00168275 
VVLF_5_Jet   0.0221199 +0.99042 -0.99042  0.00203214   -0.00210098  0.00205277   -0.00212018 
VVLFgen   0.362652 +0.95624 -0.95624  0.00857642   -0.00839064  0.00921329   -0.00869009 
VVLFnorm   0.189163 +0.969676 -0.969676  0.00399556   -0.0044298  0.00425724   -0.00455667 
WtZmod   0.207873 +0.941591 -0.941591  -0.00309119   0.00333459  -0.00327453   0.00248692 
