NUISANCE_PARAMETERS
#mu  0.000127642 +0.142327 -0.142327
gamma_stat_SR1_bin_0  0.999997 +0.0112136 -0.0112136
gamma_stat_SR1_bin_1  0.999987 +0.0137585 -0.0137585
gamma_stat_SR1_bin_2  0.999977 +0.0145567 -0.0145567
gamma_stat_SR1_bin_3  0.999946 +0.0197564 -0.0197564
gamma_stat_SR1_bin_4  0.999926 +0.0212709 -0.0212709
gamma_stat_SR1_bin_5  0.999895 +0.0234438 -0.0234438
gamma_stat_SR1_bin_6  0.99991 +0.0212683 -0.0212683
gamma_stat_SR1_bin_7  0.999887 +0.0230645 -0.0230645
gamma_stat_SR1_bin_8  0.999838 +0.026484 -0.026484
gamma_stat_SR1_bin_9  0.999807 +0.026979 -0.026979
gamma_stat_SR2_bin_0  0.999967 +0.0329071 -0.0329071
gamma_stat_SR2_bin_1  0.999969 +0.0250899 -0.0250899
gamma_stat_SR2_bin_2  0.99996 +0.0255045 -0.0255045
gamma_stat_SR2_bin_3  0.999958 +0.024243 -0.024243
gamma_stat_SR2_bin_4  0.999945 +0.0252778 -0.0252778
gamma_stat_SR2_bin_5  0.999931 +0.0279124 -0.0279124
gamma_stat_SR2_bin_6  0.999941 +0.0250822 -0.0250822
gamma_stat_SR2_bin_7  0.999916 +0.0285996 -0.0285996
gamma_stat_SR2_bin_8  0.999913 +0.0273192 -0.0273192
gamma_stat_SR2_bin_9  0.999888 +0.0299898 -0.0299898
gamma_stat_SR3_bin_0  0.999945 +0.0176732 -0.0176732
gamma_stat_SR3_bin_1  1 +0.0188146 -0.0188146
gamma_stat_SR3_bin_2  1 +0.0207327 -0.0207327
gamma_stat_SR3_bin_3  0.999992 +0.0206494 -0.0206494
gamma_stat_SR3_bin_4  0.999983 +0.0216716 -0.0216716
gamma_stat_SR3_bin_5  0.999982 +0.0294965 -0.0294965
gamma_stat_SR3_bin_6  0.999948 +0.0255085 -0.0255085
gamma_stat_SR3_bin_7  0.999909 +0.0296979 -0.0296979
gamma_stat_SR3_bin_8  0.999829 +0.0457346 -0.0457346
gamma_stat_SR3_bin_9  0.999827 +0.037719 -0.037719


CORRELATION_MATRIX
31   31
-0.0244375   -0.0266479   -0.0158141   -0.0113233   -0.0101737   -0.00577147   -0.00420551   -0.00276799   -0.00194791   -0.000657477   -0.0196802   -0.0166476   -0.0152426   -0.0120848   -0.0126815   -0.00979646   -0.00878613   -0.00801453   -0.00615522   -0.00507613   -0.0405251   -0.0338106   -0.0264947   -0.0224648   -0.0240062   -0.0181435   -0.0142168   -0.00791838   -0.00483784   -0.00149226   1   
3.64671e-05   3.97655e-05   2.35987e-05   1.68973e-05   1.51818e-05   8.61252e-06   6.2757e-06   4.13055e-06   2.90678e-06   9.81124e-07   2.93679e-05   2.48425e-05   2.27458e-05   1.80337e-05   1.89241e-05   1.46188e-05   1.31112e-05   1.19597e-05   9.18518e-06   7.57488e-06   6.04738e-05   5.04541e-05   3.95369e-05   3.35233e-05   3.58234e-05   2.70748e-05   2.12151e-05   1.18163e-05   7.2193e-06   1   -0.00149226   
0.000118225   0.000128918   7.65061e-05   5.47804e-05   4.92188e-05   2.79215e-05   2.03456e-05   1.33911e-05   9.42367e-06   3.18077e-06   9.52097e-05   8.05386e-05   7.37412e-05   5.84645e-05   6.13513e-05   4.73937e-05   4.25059e-05   3.8773e-05   2.9778e-05   2.45575e-05   0.000196054   0.00016357   0.000128177   0.000108681   0.000116138   8.77754e-05   6.87787e-05   3.83079e-05   1   7.2193e-06   -0.00483784   
0.000193506   0.000211008   0.000125222   8.96623e-05   8.05593e-05   4.57007e-05   3.33008e-05   2.1918e-05   1.54243e-05   5.20615e-06   0.000155835   0.000131822   0.000120697   9.56924e-05   0.000100417   7.75721e-05   6.95719e-05   6.34621e-05   4.87394e-05   4.01947e-05   0.000320893   0.000267725   0.000209795   0.000177885   0.00019009   0.000143667   0.000112574   1   3.83079e-05   1.18163e-05   -0.00791838   
0.000347424   0.000378848   0.000224826   0.000160981   0.000144638   8.2052e-05   5.97889e-05   3.9352e-05   2.7693e-05   9.34722e-06   0.00027979   0.000236676   0.000216701   0.000171808   0.000180291   0.000139274   0.000124911   0.000113941   8.75077e-05   7.21663e-05   0.000576161   0.000480703   0.000376694   0.000319402   0.000341292   0.000257967   1   0.000112574   6.87787e-05   2.12151e-05   -0.0142168   
0.000443382   0.000483486   0.000286923   0.000205444   0.000184587   0.000104715   7.63026e-05   5.0221e-05   3.53419e-05   1.19289e-05   0.000357068   0.000302046   0.000276554   0.000219261   0.000230087   0.000177742   0.000159411   0.000145412   0.000111677   9.20987e-05   0.00073529   0.000613466   0.000480731   0.000407614   0.000435556   1   0.000257967   0.000143667   8.77754e-05   2.70748e-05   -0.0181435   
0.000586652   0.000639715   0.000379636   0.00027183   0.000244232   0.000138551   0.000100958   6.64489e-05   4.67619e-05   1.57835e-05   0.000472447   0.000399646   0.000365916   0.000290111   0.000304435   0.000235176   0.000210922   0.000192398   0.000147764   0.000121859   0.000972853   0.000811664   0.000636037   0.000539295   1   0.000435556   0.000341292   0.00019009   0.000116138   3.58234e-05   -0.0240062   
0.000548984   0.00059864   0.000355261   0.000254376   0.00022855   0.000129655   9.44759e-05   6.21823e-05   4.37594e-05   1.47701e-05   0.000442112   0.000373986   0.000342422   0.000271484   0.000284888   0.000220076   0.000197379   0.000180045   0.000138276   0.000114034   0.000910412   0.000759573   0.000595222   1   0.000539295   0.000407614   0.000319402   0.000177885   0.000108681   3.35233e-05   -0.0224648   
0.000647465   0.000706028   0.00041899   0.000300008   0.000269549   0.000152913   0.000111424   7.3337e-05   5.16092e-05   1.74196e-05   0.000521421   0.000441074   0.000403848   0.000320184   0.000335993   0.000259554   0.000232786   0.000212342   0.000163081   0.00013449   0.0010737   0.000895802   1   0.000595222   0.000636037   0.000480731   0.000376694   0.000209795   0.000128177   3.95369e-05   -0.0264947   
0.000826247   0.000900981   0.000534684   0.000382848   0.000343979   0.000195137   0.000142191   9.35873e-05   6.58599e-05   2.22297e-05   0.000665399   0.000562866   0.000515361   0.000408596   0.00042877   0.000331224   0.000297064   0.000270976   0.000208112   0.000171627   0.00137018   1   0.000895802   0.000759573   0.000811664   0.000613466   0.000480703   0.000267725   0.00016357   5.04541e-05   -0.0338106   
0.000990332   0.00107991   0.000640867   0.000458878   0.00041229   0.000233889   0.000170428   0.000112173   7.89391e-05   2.66443e-05   0.000797541   0.000674646   0.000617706   0.000489739   0.00051392   0.000397002   0.000356058   0.000324789   0.000249441   0.00020571   1   0.00137018   0.0010737   0.000910412   0.000972853   0.00073529   0.000576161   0.000320893   0.000196054   6.04738e-05   -0.0405251   
0.000124048   0.000135268   8.02743e-05   5.74785e-05   5.1643e-05   2.92967e-05   2.13477e-05   1.40507e-05   9.88783e-06   3.33743e-06   9.99231e-05   8.45054e-05   7.73972e-05   6.13681e-05   6.43731e-05   4.97281e-05   4.45995e-05   4.07067e-05   3.12686e-05   1   0.00020571   0.000171627   0.00013449   0.000114034   0.000121859   9.20987e-05   7.21663e-05   4.01947e-05   2.45575e-05   7.57488e-06   -0.00507613   
0.000150418   0.000164024   9.73393e-05   6.96975e-05   6.26215e-05   3.55247e-05   2.58858e-05   1.70376e-05   1.19898e-05   4.04692e-06   0.00012116   0.00010247   9.38454e-05   7.44088e-05   7.80577e-05   6.02994e-05   5.40806e-05   4.93551e-05   1   3.12686e-05   0.000249441   0.000208112   0.000163081   0.000138276   0.000147764   0.000111677   8.75077e-05   4.87394e-05   2.9778e-05   9.18518e-06   -0.00615522   
0.000195855   0.00021357   0.000126742   9.07509e-05   8.15374e-05   4.62556e-05   3.37051e-05   2.21841e-05   1.56116e-05   5.26936e-06   0.000157751   0.000133423   0.000122186   9.68782e-05   0.000101636   7.8514e-05   7.04167e-05   1   4.93551e-05   4.07067e-05   0.000324789   0.000270976   0.000212342   0.000180045   0.000192398   0.000145412   0.000113941   6.34621e-05   3.8773e-05   1.19597e-05   -0.00801453   
0.000214711   0.000234132   0.000138945   9.9488e-05   8.93875e-05   5.07089e-05   3.69501e-05   2.43199e-05   1.71146e-05   5.77667e-06   0.000172913   0.000146268   0.000133923   0.000106179   0.000111422   8.6073e-05   1   7.04167e-05   5.40806e-05   4.45995e-05   0.000356058   0.000297064   0.000232786   0.000197379   0.000210922   0.000159411   0.000124911   6.95719e-05   4.25059e-05   1.31112e-05   -0.00878613   
0.000239401   0.000261055   0.000154922   0.000110928   9.96663e-05   5.654e-05   4.11991e-05   2.71165e-05   1.90826e-05   6.44094e-06   0.000192796   0.000163088   0.000149323   0.000118389   0.000124234   1   8.6073e-05   7.8514e-05   6.02994e-05   4.97281e-05   0.000397002   0.000331224   0.000259554   0.000220076   0.000235176   0.000177742   0.000139274   7.75721e-05   4.73937e-05   1.46188e-05   -0.00979646   
0.000309905   0.000337936   0.000200547   0.000143597   0.000129018   7.31911e-05   5.33323e-05   3.51023e-05   2.47025e-05   8.33781e-06   0.000249575   0.000211117   0.000193299   0.000153254   1   0.000124234   0.000111422   0.000101636   7.80577e-05   6.43731e-05   0.00051392   0.00042877   0.000335993   0.000284888   0.000304435   0.000230087   0.000180291   0.000100417   6.13513e-05   1.89241e-05   -0.0126815   
0.000295324   0.000322036   0.000191111   0.00013684   0.000122948   6.97473e-05   5.08229e-05   3.34507e-05   2.35402e-05   7.9455e-06   0.000237856   0.000201184   0.000184228   1   0.000153254   0.000118389   0.000106179   9.68782e-05   7.44088e-05   6.13681e-05   0.000489739   0.000408596   0.000320184   0.000271484   0.000290111   0.000219261   0.000171808   9.56924e-05   5.84645e-05   1.80337e-05   -0.0120848   
0.000372491   0.000406183   0.000241047   0.000172596   0.000155074   8.79721e-05   6.41028e-05   4.21913e-05   2.96911e-05   1.00216e-05   0.000300001   0.000253753   1   0.000184228   0.000193299   0.000149323   0.000133923   0.000122186   9.38454e-05   7.73972e-05   0.000617706   0.000515361   0.000403848   0.000342422   0.000365916   0.000276554   0.000216701   0.000120697   7.37412e-05   2.27458e-05   -0.0152426   
0.000406827   0.000443624   0.000263267   0.000188506   0.000169368   9.60813e-05   7.00117e-05   4.60804e-05   3.2428e-05   1.09454e-05   0.000327629   1   0.000253753   0.000201184   0.000211117   0.000163088   0.000146268   0.000133423   0.00010247   8.45054e-05   0.000674646   0.000562866   0.000441074   0.000373986   0.000399646   0.000302046   0.000236676   0.000131822   8.05386e-05   2.48425e-05   -0.0166476   
0.000480935   0.000524436   0.000311224   0.000222845   0.000200221   0.000113584   8.27652e-05   5.44745e-05   3.83352e-05   1.29393e-05   1   0.000327629   0.000300001   0.000237856   0.000249575   0.000192796   0.000172913   0.000157751   0.00012116   9.99231e-05   0.000797541   0.000665399   0.000521421   0.000442112   0.000472447   0.000357068   0.00027979   0.000155835   9.52097e-05   2.93679e-05   -0.0196802   
1.60671e-05   1.75204e-05   1.03974e-05   7.44481e-06   6.68897e-06   3.79461e-06   2.76502e-06   1.81989e-06   1.2807e-06   1   1.29393e-05   1.09454e-05   1.00216e-05   7.9455e-06   8.33781e-06   6.44094e-06   5.77667e-06   5.26936e-06   4.04692e-06   3.33743e-06   2.66443e-05   2.22297e-05   1.74196e-05   1.47701e-05   1.57835e-05   1.19289e-05   9.34722e-06   5.20615e-06   3.18077e-06   9.81124e-07   -0.000657477   
4.7614e-05   5.19196e-05   3.08044e-05   2.20568e-05   1.98294e-05   1.12543e-05   8.2039e-06   5.39179e-06   1   1.2807e-06   3.83352e-05   3.2428e-05   2.96911e-05   2.35402e-05   2.47025e-05   1.90826e-05   1.71146e-05   1.56116e-05   1.19898e-05   9.88783e-06   7.89391e-05   6.58599e-05   5.16092e-05   4.37594e-05   4.67619e-05   3.53419e-05   2.7693e-05   1.54243e-05   9.42367e-06   2.90678e-06   -0.00194791   
6.76308e-05   7.37611e-05   4.37612e-05   3.13308e-05   2.81607e-05   1.59754e-05   1.16288e-05   1   5.39179e-06   1.81989e-06   5.44745e-05   4.60804e-05   4.21913e-05   3.34507e-05   3.51023e-05   2.71165e-05   2.43199e-05   2.21841e-05   1.70376e-05   1.40507e-05   0.000112173   9.35873e-05   7.3337e-05   6.21823e-05   6.64489e-05   5.0221e-05   3.9352e-05   2.1918e-05   1.33911e-05   4.13055e-06   -0.00276799   
0.000102772   0.000112068   6.65063e-05   4.76202e-05   4.27856e-05   2.4272e-05   1   1.16288e-05   8.2039e-06   2.76502e-06   8.27652e-05   7.00117e-05   6.41028e-05   5.08229e-05   5.33323e-05   4.11991e-05   3.69501e-05   3.37051e-05   2.58858e-05   2.13477e-05   0.000170428   0.000142191   0.000111424   9.44759e-05   0.000100958   7.63026e-05   5.97889e-05   3.33008e-05   2.03456e-05   6.2757e-06   -0.00420551   
0.000141041   0.000153798   9.12706e-05   6.53522e-05   5.87173e-05   1   2.4272e-05   1.59754e-05   1.12543e-05   3.79461e-06   0.000113584   9.60813e-05   8.79721e-05   6.97473e-05   7.31911e-05   5.654e-05   5.07089e-05   4.62556e-05   3.55247e-05   2.92967e-05   0.000233889   0.000195137   0.000152913   0.000129655   0.000138551   0.000104715   8.2052e-05   4.57007e-05   2.79215e-05   8.61252e-06   -0.00577147   
0.00024862   0.000271108   0.000160888   0.0001152   1   5.87173e-05   4.27856e-05   2.81607e-05   1.98294e-05   6.68897e-06   0.000200221   0.000169368   0.000155074   0.000122948   0.000129018   9.96663e-05   8.93875e-05   8.15374e-05   6.26215e-05   5.1643e-05   0.00041229   0.000343979   0.000269549   0.00022855   0.000244232   0.000184587   0.000144638   8.05593e-05   4.92188e-05   1.51818e-05   -0.0101737   
0.000276714   0.000301742   0.000179056   1   0.0001152   6.53522e-05   4.76202e-05   3.13308e-05   2.20568e-05   7.44481e-06   0.000222845   0.000188506   0.000172596   0.00013684   0.000143597   0.000110928   9.9488e-05   9.07509e-05   6.96975e-05   5.74785e-05   0.000458878   0.000382848   0.000300008   0.000254376   0.00027183   0.000205444   0.000160981   8.96623e-05   5.47804e-05   1.68973e-05   -0.0113233   
0.000386457   0.000421412   1   0.000179056   0.000160888   9.12706e-05   6.65063e-05   4.37612e-05   3.08044e-05   1.03974e-05   0.000311224   0.000263267   0.000241047   0.000191111   0.000200547   0.000154922   0.000138945   0.000126742   9.73393e-05   8.02743e-05   0.000640867   0.000534684   0.00041899   0.000355261   0.000379636   0.000286923   0.000224826   0.000125222   7.65061e-05   2.35987e-05   -0.0158141   
0.000651209   1   0.000421412   0.000301742   0.000271108   0.000153798   0.000112068   7.37611e-05   5.19196e-05   1.75204e-05   0.000524436   0.000443624   0.000406183   0.000322036   0.000337936   0.000261055   0.000234132   0.00021357   0.000164024   0.000135268   0.00107991   0.000900981   0.000706028   0.00059864   0.000639715   0.000483486   0.000378848   0.000211008   0.000128918   3.97655e-05   -0.0266479   
1   0.000651209   0.000386457   0.000276714   0.00024862   0.000141041   0.000102772   6.76308e-05   4.7614e-05   1.60671e-05   0.000480935   0.000406827   0.000372491   0.000295324   0.000309905   0.000239401   0.000214711   0.000195855   0.000150418   0.000124048   0.000990332   0.000826247   0.000647465   0.000548984   0.000586652   0.000443382   0.000347424   0.000193506   0.000118225   3.64671e-05   -0.0244375   


NLL
124.238

