bTagSF_eigenvars_B_0   -0.0170413 +0.961091 -0.961091  0.00737194   -0.00684814  0.00768454   -0.00711236 
bTagSF_eigenvars_B_1   -0.00807789 +0.993219 -0.993219  -0.000733988   0.000739057  -0.000739023   0.000744078 
bTagSF_eigenvars_C_1   -0.0304711 +0.992455 -0.992455  -0.000457332   0.000483589  -0.000460748   0.000487347 
bTagSF_eigenvars_C_3   -0.000266436 +0.993348 -0.993348  -3.9851e-06   4.34259e-06  -4.01306e-06   4.37057e-06 
bTagSF_eigenvars_Light_1   -0.0499517 +0.992707 -0.992707  -0.000681611   0.00069344  -0.000686575   0.000698554 
bTagSF_eigenvars_Light_3   -9.19016e-05 +0.993325 -0.993325  8.27865e-05   -8.19603e-05  8.33411e-05   -8.2513e-05 
EG_RESOLUTION_ALL   0.104393 +0.990602 -0.990602  0.000585682   -0.000590656  0.000591347   -0.000597351 
EG_SCALE_ALL   -0.0714194 +0.993693 -0.993693  -0.00137534   0.00158358  -0.00138418   0.00159346 
EL_SF_ID   0.0775969 +0.984015 -0.984015  -0.00521771   0.00549119  -0.00530039   0.005581 
EL_SF_Isol   0.0950093 +0.980233 -0.980233  -0.00788715   0.00844469  -0.00804227   0.0086191 
EL_SF_Reco   -0.000709107 +0.993352 -0.993352  0.000132273   -0.000133841  0.000133157   -0.000134739 
EL_SF_Trigger   -8.47269e-07 +0.993348 -0.993348  1.81733e-07   1.75848e-07  1.81699e-07   1.75852e-07 
GlobalReduction_JET_BJES_Response   -0.0469374 +0.9913 -0.9913  0.00144767   -0.00149026  0.00146035   -0.0015033 
GlobalReduction_JET_EtaIntercalibration_Modelling   -0.141646 +0.985647 -0.985647  0.0110225   -0.0107679  0.0111851   -0.0109228 
GlobalReduction_JET_EtaIntercalibration_NonClosure_2018data   0.0829114 +0.98692 -0.98692  9.86318e-05   4.40346e-05  0.000101618   4.53209e-05 
GlobalReduction_JET_EtaIntercalibration_NonClosure_negEta   -0.0031177 +0.993256 -0.993256  -0.000219343   0.000215399  -0.000220827   0.000216864 
GlobalReduction_JET_EtaIntercalibration_NonClosure_posEta   0.0167228 +0.993127 -0.993127  8.60303e-05   -8.40421e-05  8.66335e-05   -8.46157e-05 
GlobalReduction_JET_EtaIntercalibration_TotalStat   0.00799002 +0.991636 -0.991636  0.00140149   -0.00146259  0.00141352   -0.00147465 
GlobalReduction_JET_Flavor_Composition   -0.865287 +0.940461 -0.940461  0.00782498   -0.00722109  0.00831701   -0.00766288 
GlobalReduction_JET_JER_DataVsMC_AFII   -0.00797546 +0.992916 -0.992916  0.000775769   -0.000953101  0.000780944   -0.000960789 
GlobalReduction_JET_Pileup_OffsetMu   0.143663 +0.968598 -0.968598  0.00629243   -0.00618344  0.00650438   -0.00637232 
GlobalReduction_JET_Pileup_OffsetNPV   -0.356761 +0.986838 -0.986838  0.00680417   -0.00642654  0.00689712   -0.00650912 
GlobalReduction_JET_Pileup_PtTerm   -0.0182447 +0.985816 -0.985816  -0.00281503   0.0021038  -0.00284444   0.00213407 
GlobalReduction_JET_Pileup_RhoTopology   -0.893565 +0.926716 -0.926716  0.0100588   -0.00991082  0.0108684   -0.0106923 
GlobalReduction_JET_RelativeNonClosure_AFII   3.47992e-06 +0.993348 -0.993348  1.28448e-05   -1.23462e-05  1.29315e-05   -1.24282e-05 
lumi   0.0765423 +0.98291 -0.98291  -0.00637441   0.00673537  -0.00648274   0.00685402 
MET_SoftTrk_Scale   0.183156 +0.977991 -0.977991  -0.000516297   0.000596505  -0.000529118   0.00061197 
MUON_ID   -0.134217 +0.986436 -0.986436  0.000533971   -0.000492417  0.000541895   -0.000498609 
MUON_MS   0.0600525 +0.990922 -0.990922  0.000392022   -0.000409227  0.000395724   -0.000412898 
MUON_SCALE   0.0206621 +0.990013 -0.990013  7.62752e-05   -6.89994e-05  7.70309e-05   -6.97332e-05 
MU_SF_ID_STAT   -5.56815e-05 +0.993348 -0.993348  -1.0331e-06   1.39187e-06  -1.04127e-06   1.39992e-06 
MU_SF_ID_SYST   -0.000675391 +0.99335 -0.99335  -2.79402e-06   3.15961e-06  -2.81394e-06   3.17952e-06 
MU_SF_Isol_STAT   -0.00510582 +0.993399 -0.993399  2.13936e-05   -2.20667e-05  2.15324e-05   -2.22167e-05 
MU_SF_Isol_SYST   0.0635787 +0.978861 -0.978861  -0.00745647   0.00797554  -0.00761327   0.00815206 
MU_SF_Trigger_STAT   -0.000929444 +0.993349 -0.993349  -2.48339e-05   2.52313e-05  -2.50013e-05   2.5399e-05 
MU_SF_Trigger_SYST   0.000321684 +0.993349 -0.993349  4.51394e-05   -4.45841e-05  4.54406e-05   -4.48836e-05 
MU_SF_TTVA_STAT   -3.51307e-06 +0.993348 -0.993348  -1.71e-07   5.2867e-07  -1.73239e-07   5.31069e-07 
MU_SF_TTVA_SYST   1.84495e-05 +0.993348 -0.993348  6.2394e-08   2.94821e-07  6.1629e-08   2.95526e-07 
OtherFakesNorm   0.431561 +0.755072 -0.755072  -0.0126722   0.0145972  -0.0195309   0.0211597 
OtherNorm   -0.1365 +1.00484 -1.00484  0.000401258   -0.00047739  0.000399179   -0.000475688 
signalMuRMuF   -0.0100766 +0.99369 -0.99369  -0.00753242   0.00812915  -0.00757873   0.0081825 
ttbarA14   -0.123861 +0.986459 -0.986459  0.000355472   -0.000355738  0.000360455   -0.000360455 
ttbarPDF   -0.00159866 +0.993068 -0.993068  -6.52361e-05   6.7534e-05  -6.56926e-05   6.80044e-05 
ttbarXsec   -0.0014112 +0.993468 -0.993468  -0.00651673   0.00728676  -0.00655865   0.00733612 
ttHnorm   0.0108828 +0.990463 -0.990463  -0.000342761   0.000335655  -0.000346331   0.000338604 
ttZgen   0.0146042 +0.965034 -0.965034  -0.0210005   0.0215892  -0.021772   0.0223603 
ttZnorm   -0.164998 +0.743695 -0.743695  -0.00949471   0.010075  -0.0127306   0.0135502 
tZnorm   0.182712 +0.908955 -0.908955  -0.0264079   0.0278283  -0.0291625   0.0309119 
VVHF_1_Jet   0.10359 +0.745924 -0.745924  0.00626384   -0.00393295  0.00891857   -0.00428505 
VVHF_2_Jet   0.314046 +0.78694 -0.78694  -0.00960258   0.014369  -0.0123638   0.0193272 
VVHF_3_Jet   0.179658 +0.908565 -0.908565  -0.00347102   0.0100913  -0.00378534   0.0113594 
VVHF_4_Jet   -0.10181 +0.967001 -0.967001  0.00989702   -0.0112736  0.0102838   -0.0116243 
VVHF_5_Jet   0.199069 +0.896128 -0.896128  0.0143606   -0.014867  0.0161703   -0.0164699 
VVHFgen   0.0158175 +0.543196 -0.543196  -0.0108024   0.0267599  -0.017037   0.0515333 
VVHFnorm   0.523634 +0.791014 -0.791014  0.00909219   -0.00155537  0.0093626   -0.000707212 
VVLF_1_Jet   0.10941 +0.964732 -0.964732  0.00270662   -0.00264666  0.00281638   -0.00277484 
VVLF_2_Jet   0.064575 +0.975628 -0.975628  -0.00107917   0.000830166  -0.0011106   0.000848811 
VVLF_3_Jet   0.0615778 +0.985616 -0.985616  -0.000730941   0.000710269  -0.000743033   0.000718908 
VVLF_4_Jet   0.0146745 +0.99226 -0.99226  0.00124467   -0.00126412  0.00125544   -0.00127269 
VVLF_5_Jet   0.0202604 +0.990578 -0.990578  0.00187597   -0.00190713  0.00189517   -0.00192363 
VVLFgen   0.316391 +0.948594 -0.948594  0.00414085   -0.00420391  0.00450058   -0.00432668 
VVLFnorm   0.163341 +0.971433 -0.971433  0.00250132   -0.00238512  0.00258416   -0.00244816 
WtZmod   0.240635 +0.943549 -0.943549  -0.000857896   0.00101109  -0.000900429   0.00107362 
