bTagSF_eigenvars_B_0   0.0146906 +0.963357 -0.963357  0.0065309   -0.00598544  0.00679341   -0.00620091 
bTagSF_eigenvars_B_1   -0.000833211 +0.9933 -0.9933  -0.000682706   0.000688392  -0.000687329   0.000693017 
bTagSF_eigenvars_B_2   0.000501552 +0.993345 -0.993345  0.000197842   -0.000195861  0.000199168   -0.000197172 
bTagSF_eigenvars_B_3   0.000449068 +0.993346 -0.993346  0.000129419   -0.000128781  0.000130287   -0.000129643 
bTagSF_eigenvars_B_4   -4.12902e-05 +0.993348 -0.993348  2.58518e-07   -2.56819e-07  2.60179e-07   -2.58545e-07 
bTagSF_eigenvars_B_5   4.42237e-05 +0.993348 -0.993348  2.57405e-07   -2.55479e-07  2.59052e-07   -2.57165e-07 
bTagSF_eigenvars_C_0   -0.10503 +0.975715 -0.975715  0.0010097   -0.000958864  0.00103418   -0.000982405 
bTagSF_eigenvars_C_1   0.0311412 +0.992188 -0.992188  -0.000114521   0.000112895  -0.000115454   0.00011381 
bTagSF_eigenvars_C_2   -0.000462019 +0.993348 -0.993348  -1.19682e-05   1.19756e-05  -1.20484e-05   1.20558e-05 
bTagSF_eigenvars_C_3   -0.000275765 +0.993348 -0.993348  -2.1346e-07   2.14648e-07  -2.14875e-07   2.16028e-07 
bTagSF_eigenvars_Light_0   -0.137657 +0.983078 -0.983078  -0.00159745   0.00127637  -0.00157687   0.00130006 
bTagSF_eigenvars_Light_1   0.0266611 +0.992124 -0.992124  -0.000215224   0.000201314  -0.000216972   0.000202851 
bTagSF_eigenvars_Light_2   -0.00704425 +0.992933 -0.992933  -0.000356306   0.000353462  -0.000358852   0.000355965 
bTagSF_eigenvars_Light_3   0.000521239 +0.993333 -0.993333  8.36713e-05   -8.30383e-05  8.42328e-05   -8.35957e-05 
cTagSF   -0.00800542 +0.448802 -0.448802  -0.0335449   0.041796  -0.0661999   0.102255 
EG_RESOLUTION_ALL   0.0600013 +0.991021 -0.991021  0.000306536   -0.000283606  0.000309305   -0.000285971 
EG_SCALE_ALL   -0.0223798 +0.992142 -0.992142  -0.00188586   0.00171157  -0.00190099   0.00171493 
EL_SF_ID   0.0195734 +0.985066 -0.985066  -0.00418476   0.0028771  -0.00421981   0.00292779 
EL_SF_Isol   0.0197973 +0.982041 -0.982041  -0.00451765   0.00485061  -0.00459871   0.0049419 
EL_SF_Reco   0.000158317 +0.993341 -0.993341  0.000125712   -0.000127234  0.000126555   -0.000128086 
EL_SF_Trigger   -2.18527e-07 +0.993348 -0.993348  7.09843e-09   -5.10243e-09  7.10454e-09   -5.10181e-09 
GlobalReduction_JET_BJES_Response   -0.0131705 +0.99208 -0.99208  0.000511854   -0.00113879  0.000520227   -0.0011478 
GlobalReduction_JET_EtaIntercalibration_Modelling   0.00954899 +0.980528 -0.980528  0.00755238   -0.00734548  0.00770328   -0.00749021 
GlobalReduction_JET_EtaIntercalibration_NonClosure_2018data   0.0644321 +0.988958 -0.988958  -0.000714184   -0.000769618  -0.000720874   -0.000871927 
GlobalReduction_JET_EtaIntercalibration_NonClosure_negEta   0.000885794 +0.993303 -0.993303  -0.000190507   0.000187846  -0.000191783   0.00018912 
GlobalReduction_JET_EtaIntercalibration_NonClosure_posEta   0.0102935 +0.99321 -0.99321  7.57722e-06   -5.40408e-06  7.63648e-06   -5.43347e-06 
GlobalReduction_JET_EtaIntercalibration_TotalStat   0.00415912 +0.992514 -0.992514  0.000246314   -0.000708762  0.000245833   -0.000713893 
GlobalReduction_JET_Flavor_Composition   -0.205082 +0.90342 -0.90342  0.00610628   -0.00591744  0.00677561   -0.00655431 
GlobalReduction_JET_JER_DataVsMC_AFII   1.91213e-06 +0.993348 -0.993348  1.61211e-05   -1.6132e-05  1.62251e-05   -1.62439e-05 
GlobalReduction_JET_Pileup_OffsetMu   0.133814 +0.977648 -0.977648  0.00346869   -0.00338741  0.00355157   -0.00345991 
GlobalReduction_JET_Pileup_OffsetNPV   -0.0596137 +0.980668 -0.980668  0.00359031   -0.00420052  0.00367052   -0.00428113 
GlobalReduction_JET_Pileup_PtTerm   -0.0234472 +0.988597 -0.988597  -0.00122277   0.000937316  -0.00123669   0.000948197 
GlobalReduction_JET_Pileup_RhoTopology   -0.203106 +0.913643 -0.913643  0.00763332   -0.00782515  0.00835044   -0.00857334 
GlobalReduction_JET_RelativeNonClosure_AFII   -6.44389e-07 +0.993348 -0.993348  -5.02274e-06   5.08639e-06  -5.05668e-06   5.12018e-06 
jvt   0.00660911 +0.993262 -0.993262  0.000322645   -0.000323976  0.000324839   -0.000326168 
lumi   0.0274264 +0.983919 -0.983919  -0.00426296   0.00455365  -0.00433139   0.00462986 
MET_SoftTrk_Scale   0.0544293 +0.976561 -0.976561  -0.0034145   0.00340206  -0.00349484   0.00369346 
MUON_ID   -0.0741418 +0.988836 -0.988836  -0.000571323   -0.000918608  0.000990052   -0.000928554 
MUON_MS   0.036087 +0.991659 -0.991659  0.000332761   -0.000327585  0.00033567   -0.000330221 
MUON_SCALE   0.0133562 +0.99219 -0.99219  -0.000301308   0.000344081  -0.000303665   0.000346819 
MU_SF_ID_STAT   -6.13681e-05 +0.993348 -0.993348  -3.09615e-07   3.11818e-07  -3.11697e-07   3.13842e-07 
MU_SF_ID_SYST   6.18189e-06 +0.993348 -0.993348  -4.01302e-06   4.03077e-06  -4.03993e-06   4.05767e-06 
MU_SF_Isol_STAT   -0.00486837 +0.993394 -0.993394  2.1238e-05   -2.1851e-05  2.13789e-05   -2.19966e-05 
MU_SF_Isol_SYST   0.0908353 +0.977045 -0.977045  -0.00548501   0.00591584  -0.00561099   0.00605873 
MU_SF_Trigger_STAT   -0.000275195 +0.993348 -0.993348  -5.07249e-05   5.08073e-05  -5.10645e-05   5.11476e-05 
MU_SF_Trigger_SYST   3.17134e-06 +0.993347 -0.993347  8.32901e-05   -8.29164e-05  8.3848e-05   -8.34715e-05 
MU_SF_TTVA_STAT   -8.33945e-06 +0.993348 -0.993348  -3.33261e-07   3.35279e-07  -3.35439e-07   3.37552e-07 
MU_SF_TTVA_SYST   4.8762e-06 +0.993348 -0.993348  -7.46382e-07   7.48658e-07  -7.51374e-07   7.53602e-07 
OtherFakesNorm   0.498732 +0.873952 -0.873952  -0.0216731   0.0228874  -0.0260914   0.0270987 
OtherNorm   -0.157144 +1.00471 -1.00471  -0.000248695   0.000230853  -0.000247383   0.000230161 
pileup   -0.0624055 +0.973107 -0.973107  0.00576016   -0.00550796  0.00594083   -0.00564191 
signalMuRMuF   -4.76391e-05 +0.993351 -0.993351  -0.000526401   0.000551399  -0.000529825   0.00055519 
ttbarA14   -0.0464748 +0.985606 -0.985606  0.000284936   -0.000282709  0.000289246   -0.000286669 
ttbarBottomMeson   0.0849924 +0.972882 -0.972882  0.00165416   -0.00212222  0.00169901   -0.00218478 
ttbarFSR   0.301689 +0.885961 -0.885961  0.000285051   -0.000653737  0.000354926   -0.000612795 
ttbarhdamp   -0.115728 +0.931968 -0.931968  -0.00176862   0.00103595  -0.00185241   0.00112362 
ttbarPDF   -0.000556171 +0.993051 -0.993051  -3.95874e-05   4.08537e-05  -3.9865e-05   4.11391e-05 
ttbarPhotConv   -0.297539 +1.02086 -1.02086  -0.00412133   0.00474835  -0.00404445   0.00466126 
ttbarPS   -0.0302319 +0.983741 -0.983741  0.00555171   -0.00726072  0.00564516   -0.00737555 
ttbarXsec   -2.59042e-06 +0.993349 -0.993349  -0.000186858   0.000208424  -0.000188083   0.000209852 
ttHnorm   -0.00489604 +0.991569 -0.991569  -0.000375441   0.000369682  -0.00037889   0.000372551 
ttWnorm   -0.0686512 +0.982606 -0.982606  -0.000139984   0.000102449  -0.000142982   0.000103785 
ttZgen   0.0974914 +0.967187 -0.967187  -0.0163629   0.0163497  -0.016928   0.0168998 
ttZmuRmuF   0.0285969 +0.987421 -0.987421  0.00353381   -0.00354518  0.00357895   -0.0035902 
ttZnorm   -0.325448 +0.745468 -0.745468  -0.0106244   0.0112351  -0.0141179   0.0150372 
ttZrad   -0.0683777 +0.97724 -0.97724  0.011478   -0.0123009  0.0117612   -0.0125858 
tWZnorm   0.0494708 +0.969151 -0.969151  -0.00735783   0.00778439  -0.00759516   0.00803019 
tZnorm   0.0472327 +0.919961 -0.919961  -0.0222728   0.0240546  -0.0242732   0.0260768 
tZrad   0.0126179 +0.977222 -0.977222  0.0108351   -0.0102144  0.0110842   -0.0104538 
VVHF_1_Jet   0.44316 +0.755381 -0.755381  0.00788885   -0.0116735  0.0105554   -0.015687 
VVHF_2_Jet   -0.0101412 +0.747953 -0.747953  -0.0117176   0.0151719  -0.0153072   0.0204247 
VVHF_3_Jet   0.0906427 +0.861717 -0.861717  -0.00799893   0.0114152  -0.00909788   0.0132933 
VVHF_4_Jet   -0.0690954 +0.950859 -0.950859  0.00805844   -0.00928399  0.00848584   -0.00973873 
VVHF_5_Jet   0.109966 +0.892483 -0.892483  0.0131855   -0.0146228  0.0148503   -0.0163145 
VVHFgen   0.345969 +0.613502 -0.613502  -0.00804341   0.0163454  -0.0137601   0.0347083 
VVHFnorm   0.577697 +0.74916 -0.74916  0.00682143   -0.00796766  0.00946043   -0.0134962 
VVLF_1_Jet   0.216089 +0.96376 -0.96376  0.00243959   -0.00299794  0.00254209   -0.00309327 
VVLF_2_Jet   0.00712516 +0.986154 -0.986154  -0.00147491   0.00140016  -0.00164763   0.00141834 
VVLF_3_Jet   -0.00965692 +0.990992 -0.990992  -0.0016794   0.00171538  -0.00169617   0.00172928 
VVLF_4_Jet   0.0357094 +0.989802 -0.989802  0.000647209   -0.00061986  0.000655032   -0.000624796 
VVLF_5_Jet   0.0396963 +0.989723 -0.989723  0.000614986   -0.00116298  0.000628218   -0.00117352 
VVLFgen   0.187845 +0.942958 -0.942958  -0.000214404   -2.4271e-06  -0.000210985   6.53218e-05 
VVLFnorm   0.203102 +0.970784 -0.970784  0.00112744   -0.00127382  0.00116814   -0.00129806 
WtZmod   -0.0273434 +0.95137 -0.95137  -0.00117643   0.00131873  -0.00123225   0.00139343 
